0.00000000e+00 0.00000000e+00 0
1.21358128e-03 1.00278425e-02 0
5.51603699e-03 1.94343756e-02 0
1.63369403e-02 2.55221086e-02 0
2.06040785e-02 3.47556964e-02 0
3.31544389e-04 5.05039623e-02 0
2.53993445e-02 5.50269741e-02 0
1.76683184e-02 6.84640079e-02 0
2.40801740e-02 7.71368339e-02 0
3.91945626e-02 8.20259049e-02 0
4.23695816e-02 9.16943786e-02 0
7.45343379e-02 8.24033463e-02 0
7.21007892e-02 9.74364127e-02 0
6.85895157e-02 1.11975965e-01 0
8.60797045e-02 1.12197343e-01 0
9.44204104e-02 1.18497372e-01 0
1.31015948e-01 9.46287746e-02 0
1.03350916e-01 1.37132692e-01 0
1.29140585e-01 1.27986564e-01 0
1.07867447e-01 1.58737488e-01 0
5.92150592e-02 1.93146936e-01 0
1.76072541e-01 1.18295684e-01 0
1.94049423e-01 1.08293755e-01 0
1.63530114e-01 1.65021168e-01 0
2.39804410e-01 3.55437530e-02 0
1.66364643e-01 1.89978442e-01 0
2.29059377e-01 1.28469279e-01 0
2.37039742e-01 1.34878932e-01 0
2.80333217e-01 3.74849956e-02 0
2.91309630e-01 3.07615085e-02 0
2.86905989e-01 9.75311121e-02 0
3.03958883e-01 7.52344134e-02 0
2.90286718e-01 1.42171572e-01 0
2.68629387e-01 1.97355931e-01 0
3.31297823e-01 9.04925458e-02 0
3.50759952e-01 4.42120135e-02 0
3.60577040e-01 -4.70701929e-02 0
3.68684146e-01 -6.12505081e-02 0
3.81394348e-01 4.32464607e-02 0
3.93332849e-01 2.18521390e-02 0
3.98596234e-01 6.61036329e-02 0
4.06030806e-01 8.15603793e-02 0
4.14467531e-01 9.05444647e-02 0
3.68751600e-01 -2.29513565e-01 0
4.41994318e-01 -4.66035122e-02 0
4.48756273e-01 -7.23144378e-02 0
4.64324477e-01 -1.72950054e-02 0
4.20286419e-01 -2.20781546e-01 0
4.84339654e-01 -2.22070370e-02 0
4.62086786e-01 -1.77343748e-01 0
4.86710872e-01 -1.34864893e-01 0
4.34485943e-01 -2.76772558e-01 0
4.77862025e-01 -2.18032337e-01 0
5.05682854e-01 -1.75750559e-01 0
4.48517907e-01 -3.10406746e-01 0
4.11347823e-01 -3.73409887e-01 0
4.30761678e-01 -3.66622049e-01 0
4.04126892e-01 -4.10095405e-01 0
4.67886845e-01 -3.52579329e-01 0
4.39898928e-01 -4.02065633e-01 0
4.56057593e-01 -3.99150260e-01 0
4.19483977e-01 -4.51318436e-01 0
4.48891622e-01 -4.36693473e-01 0
5.14423541e-01 -3.74602587e-01 0
3.21355035e-01 -5.60934471e-01 0
3.68383830e-01 -5.43481201e-01 0
4.78685690e-01 -4.64009110e-01 0
2.26946885e-01 -6.37581054e-01 0
3.73875951e-01 -5.76199068e-01 0
2.34613731e-01 -6.56295022e-01 0
1.17875538e-01 -6.97175977e-01 0
1.75421636e-01 -6.95386599e-01 0
3.36115719e-03 -7.27264960e-01 0
3.13451239e-01 -6.67434153e-01 0
5.31941369e-02 -7.45579561e-01 0
1.86143618e-01 -7.34351130e-01 0
1.86238379e-01 -7.44743503e-01 0
1.13346068e-01 -7.69474457e-01 0
4.12565231e-02 -7.86797867e-01 0
-4.90923023e-02 -7.96468269e-01 0
1.14601726e-01 -7.99913143e-01 0
-2.50606090e-01 -7.78856903e-01 0
-2.16672063e-01 -7.99440843e-01 0
7.97821332e-02 -8.34579099e-01 0
-4.43490154e-01 -7.23355391e-01 0
-5.34466711e-01 -6.71948667e-01 0
-4.67974365e-01 -7.31858504e-01 0
-2.91053570e-01 -8.29189939e-01 0
-1.76431507e-01 -8.71203409e-01 0
-5.54911922e-01 -7.07287493e-01 0
-3.65817043e-01 -8.32240453e-01 0
-6.46229182e-01 -6.53683125e-01 0
-5.37857835e-01 -7.57822075e-01 0
-6.81239488e-01 -6.46818161e-01 0
-6.31532277e-01 -7.09018788e-01 0
-7.13342035e-01 -6.41846981e-01 0
-6.53350103e-01 -7.16551364e-01 0
-8.88126592e-01 -4.13805796e-01 0
-7.39354262e-01 -6.58221305e-01 0
-8.06852857e-01 -5.90752459e-01 0
-0.00000000e+00 -0.00000000e+00 1
-5.94491225e-03 -8.16629803e-03 1
-1.27831256e-02 -1.56433155e-02 1
-2.79427280e-02 -1.17250840e-02 1
-2.85699899e-02 -2.85699520e-02 1
-5.01318395e-02 -6.12852320e-03 1
-5.15827988e-02 -3.18168108e-02 1
-5.91805445e-02 -3.86930614e-02 1
-8.08072376e-02 -3.69150381e-04 1
-9.07831206e-02 -4.78412162e-03 1
-1.00795720e-01 6.57748576e-03 1
-1.10693425e-01 -9.62521025e-03 1
-1.11653873e-01 -4.71782894e-02 1
-1.28827582e-01 2.54281850e-02 1
-1.38585908e-01 -2.81408158e-02 1
-1.51292962e-01 8.20248886e-03 1
-1.60384703e-01 1.99130761e-02 1
-1.71442946e-01 -9.70068441e-03 1
-1.80097160e-01 2.49572501e-02 1
-1.86430750e-01 4.55691976e-02 1
-1.99074549e-01 3.43727514e-02 1
-2.11377123e-01 -1.77516393e-02 1
-2.16054779e-01 5.19908521e-02 1
-2.05835042e-01 1.07731239e-01 1
-2.40727167e-01 2.86346709e-02 1
-2.43525078e-01 6.68172093e-02 1
-2.54391177e-01 6.52509215e-02 1
-1.99853734e-01 1.85576535e-01 1
-2.40616541e-01 1.48645611e-01 1
-2.51124332e-01 1.50811605e-01 1
-2.85097537e-01 1.02697413e-01 1
-2.49659897e-01 1.89000410e-01 1
-2.91659128e-01 1.39334447e-01 1
-2.69869703e-01 1.95656470e-01 1
-2.95589416e-01 1.74854355e-01 1
-2.36750152e-01 2.62557825e-01 1
-2.37945168e-01 2.74979093e-01 1
-2.75766189e-01 2.52255096e-01 1
-2.37945984e-01 3.01187008e-01 1
-3.14854587e-01 2.36759023e-01 1
-3.32204281e-01 2.29976008e-01 1
-2.12477736e-01 3.55480411e-01 1
-2.22787135e-01 3.61036739e-01 1
-1.76634131e-01 3.96805497e-01 1
-1.27887121e-02 4.44260411e-01 1
-1.23914884e-01 4.37329020e-01 1
-2.65099650e-01 3.81599938e-01 1
-7.60071605e-02 4.68623598e-01 1
-2.76549644e-01 3.98244080e-01 1
-1.90782298e-01 4.56702439e-01 1
-1.37937816e-01 4.85848918e-01 1
6.17155958e-02 5.11441364e-01 1
-1.70763918e-01 4.96719136e-01 1
-1.61814026e-01 5.10313265e-01 1
-6.58702716e-02 5.41462620e-01 1
-1.06916957e-01 5.45170377e-01 1
1.15020690e-01 5.53838958e-01 1
-1.12207139e-01 5.64717933e-01 1
-9.86807799e-02 5.77487997e-01 1
7.80033277e-03 5.95908546e-01 1
2.51143989e-02 6.05540028e-01 1
3.31133839e-01 5.19620552e-01 1
2.50638501e-01 5.73920917e-01 1
1.75727819e-01 6.11619499e-01 1
3.72068542e-02 6.45393050e-01 1
3.21637133e-01 5.72387994e-01 1
1.21607499e-01 6.55481549e-01 1
7.76105824e-02 6.72302823e-01 1
4.43487902e-01 5.24506505e-01 1
3.74981053e-01 5.87499760e-01 1
4.71138852e-01 5.27235400e-01 1
4.33592594e-01 5.71255402e-01 1
5.20329175e-01 5.08117279e-01 1
3.76643806e-01 6.33923869e-01 1
3.58269999e-01 6.56019135e-01 1
5.85548465e-01 4.80680792e-01 1
4.50310223e-01 6.21730104e-01 1
4.95093982e-01 5.99850165e-01 1
5.52541559e-01 5.61650078e-01 1
6.31098486e-01 4.88350754e-01 1
6.21963313e-01 5.15903315e-01 1
5.36137239e-01 6.18043970e-01 1
6.49445081e-01 5.14075414e-01 1
4.90991122e-01 6.79569848e-01 1
8.01318968e-01 2.78952414e-01 1
6.34009870e-01 5.78965596e-01 1
7.16903846e-01 4.90576958e-01 1
8.31825925e-01 2.83432119e-01 1
8.01807656e-01 3.83702932e-01 1
8.97840145e-01 -4.54523143e-02 1
8.07952858e-01 4.16723482e-01 1
9.12156512e-01 1.13508952e-01 1
9.19585574e-01 1.33969101e-01 1
8.88698963e-01 3.04425898e-01 1
9.48371367e-01 -4.61780253e-02 1
9.58401168e-01 4.78707371e-02 1
9.54174986e-01 -1.72807144e-01 1
9.54016217e-01 -2.23287121e-01 1
8.49928463e-01 -5.07465879e-01 1
9.15790799e-01 -4.01655590e-01 1
0.00000000e+00 -0.00000000e+00 2
1.00042199e-02 -1.39498746e-03 2
1.82192398e-02 -8.72816836e-03 2
2.79311569e-02 -1.17526219e-02 2
3.66299540e-02 -1.70508929e-02 2
5.04897106e-02 -1.24469009e-03 2
5.62019255e-02 -2.26812290e-02 2
6.79291235e-02 -1.96245773e-02 2
6.99156224e-02 -4.05185349e-02 2
8.02110233e-02 -4.27861490e-02 2
7.51288864e-02 -6.75180785e-02 2
8.81903997e-02 -6.75879605e-02 2
8.54752379e-02 -8.59439471e-02 2
1.09983163e-01 -7.17414965e-02 2
1.22525690e-01 -7.06074690e-02 2
1.18754363e-01 -9.40969842e-02 2
1.13858473e-01 -1.14699746e-01 2
1.05564481e-01 -1.35436064e-01 2
4.42146369e-02 -1.76360191e-01 2
1.18508932e-01 -1.50958966e-01 2
1.46025871e-01 -1.39601601e-01 2
1.27609894e-01 -1.69443571e-01 2
1.30671029e-01 -1.79743702e-01 2
9.02973010e-02 -2.14057193e-01 2
1.67579777e-01 -1.75175717e-01 2
9.88086562e-02 -2.32391593e-01 2
8.83178263e-02 -2.47330781e-01 2
7.73157682e-02 -2.61538596e-01 2
1.13497006e-01 -2.59056494e-01 2
8.67470456e-02 -2.79790137e-01 2
1.44606904e-01 -2.66300972e-01 2
8.37985733e-02 -3.01710156e-01 2
7.69653342e-02 -3.13935459e-01 2
2.74484171e-03 -3.33322032e-01 2
9.56613436e-02 -3.29842471e-01 2
-5.12941434e-02 -3.49794450e-01 2
-1.17374258e-01 -3.44172469e-01 2
1.25983551e-01 -3.51863282e-01 2
-7.46865471e-02 -3.76502091e-01 2
-1.11273501e-01 -3.77897412e-01 2
-2.57991033e-02 -4.03215891e-01 2
-6.28438291e-02 -4.09345531e-01 2
-1.03156037e-01 -4.11509984e-01 2
-1.08736134e-01 -4.20512392e-01 2
-1.27599667e-01 -4.25733707e-01 2
-2.64410183e-02 -4.53775763e-01 2
-2.86448893e-01 -3.65846100e-01 2
-3.02244087e-01 -3.66106100e-01 2
-1.67138172e-01 -4.55129525e-01 2
-1.28071646e-01 -4.78092727e-01 2
-3.25222239e-01 -3.86402003e-01 2
-2.56268254e-01 -4.46886636e-01 2
-3.40230476e-01 -4.00166763e-01 2
-3.25168185e-01 -4.25287032e-01 2
-4.25687289e-01 -3.41043975e-01 2
-4.47458962e-01 -3.29275648e-01 2
-3.61250573e-01 -4.35276204e-01 2
-3.25847368e-01 -4.74679133e-01 2
-3.31800212e-01 -4.82844594e-01 2
-5.25930057e-01 -2.80295229e-01 2
-4.18271105e-01 -4.38587210e-01 2
-4.97042543e-01 -3.64148112e-01 2
-5.13391473e-01 -3.58655925e-01 2
-5.70036224e-01 -2.82873436e-01 2
-4.51798566e-01 -4.62379276e-01 2
-6.20807125e-01 -2.13721722e-01 2
-6.49991980e-01 -1.48171758e-01 2
-6.52100900e-01 -1.81049452e-01 2
-6.54070090e-01 -2.09716263e-01 2
-6.84661000e-01 -1.30407335e-01 2
-7.04366779e-01 -6.17772254e-02 2
-5.57018585e-01 -4.51736171e-01 2
-6.93772562e-01 2.18186279e-01 2
-7.36997664e-01 2.35472166e-02 2
-7.40556828e-01 -1.01459761e-01 2
-7.56860363e-01 -3.29153415e-02 2
-7.56100759e-01 1.32812884e-01 2
-7.74465922e-01 7.16994197e-02 2
-7.63347319e-01 -1.95073974e-01 2
-6.54408207e-01 4.56641716e-01 2
-7.89537748e-01 1.72118382e-01 2
-7.25273936e-01 3.78680875e-01 2
-8.15027021e-01 1.47592003e-01 2
-6.59615959e-01 5.17488403e-01 2
-7.61924373e-01 3.73360131e-01 2
-7.27195826e-01 4.56460192e-01 2
-8.37186729e-01 2.31808665e-01 2
-6.35882508e-01 6.06565390e-01 2
-6.81035113e-01 5.71239557e-01 2
-5.86020454e-01 6.81735187e-01 2
-7.91098249e-01 4.47894900e-01 2
-7.66347521e-01 5.07567987e-01 2
-3.51944117e-01 8.60070164e-01 2
-8.00857201e-01 4.91007858e-01 2
-6.78195928e-01 6.64523094e-01 2
-4.60567160e-01 8.41844580e-01 2
-6.00675619e-01 7.61249640e-01 2
-4.95817508e-01 8.45085250e-01 2
-6.27557477e-01 7.65553149e-01 2
-4.72706385e-01 8.81219992e-01 2
